{
 "cells": [
  {
   "cell_type": "markdown",
   "id": "03f08af9",
   "metadata": {},
   "source": [
    "Copyright **`(c)`** 2025 Giovanni Squillero `<giovanni.squillero@polito.it>`  \n",
    "[`https://github.com/squillero/computational-intelligence`](https://github.com/squillero/computational-intelligence)  \n",
    "Free under certain conditions — see the [`license`](https://github.com/squillero/computational-intelligence/blob/master/LICENSE.md) for details.  "
   ]
  },
  {
   "cell_type": "code",
   "execution_count": 4,
   "id": "3a0dcacf",
   "metadata": {},
   "outputs": [],
   "source": [
    "from itertools import combinations\n",
    "import numpy as np"
   ]
  },
  {
   "cell_type": "markdown",
   "id": "034efe17",
   "metadata": {},
   "source": [
    "## Simple Test Problem"
   ]
  },
  {
   "cell_type": "code",
   "execution_count": 5,
   "id": "193604ac",
   "metadata": {},
   "outputs": [],
   "source": [
    "CITIES = [\n",
    "    \"Rome\",\n",
    "    \"Milan\",\n",
    "    \"Naples\",\n",
    "    \"Turin\",\n",
    "    \"Palermo\",\n",
    "    \"Genoa\",\n",
    "    \"Bologna\",\n",
    "    \"Florence\",\n",
    "    \"Bari\",\n",
    "    \"Catania\",\n",
    "    \"Venice\",\n",
    "    \"Verona\",\n",
    "    \"Messina\",\n",
    "    \"Padua\",\n",
    "    \"Trieste\",\n",
    "    \"Taranto\",\n",
    "    \"Brescia\",\n",
    "    \"Prato\",\n",
    "    \"Parma\",\n",
    "    \"Modena\",\n",
    "]\n",
    "test_problem = np.load('lab2/test_problem.npy')"
   ]
  },
  {
   "cell_type": "code",
   "execution_count": 6,
   "id": "e02774d4",
   "metadata": {},
   "outputs": [
    {
     "data": {
      "text/plain": [
       "array([[   0.  ,  476.88,  188.43,  523.85,  427.5 ,  400.4 ,  303.01,\n",
       "         230.91,  374.62,  536.38,  393.68,  411.33,  487.59,  392.75,\n",
       "         429.09,  428.45,  444.27,  247.22,  366.89,  330.58],\n",
       "       [ 476.88,    0.  ,  657.51,  125.52,  886.96,  119.26,  200.7 ,\n",
       "         249.46,  786.94, 1011.07,  243.8 ,  140.56,  964.47,  209.75,\n",
       "         357.67,  858.83,   80.1 ,  232.33,  115.75,  163.8 ],\n",
       "       [ 188.43,  657.51,    0.  ,  711.49,  314.03,  587.74,  470.35,\n",
       "         408.13,  220.54,  378.4 ,  534.25,  575.  ,  315.45,  542.28,\n",
       "         534.96,  254.93,  616.29,  425.21,  544.03,  502.49],\n",
       "       [ 523.85,  125.52,  711.49,    0.  ,  905.38,  123.92,  295.5 ,\n",
       "         318.16,  864.93, 1042.55,  364.59,  261.88, 1005.05,  330.16,\n",
       "         480.03,  932.46,  204.29,  301.66,  210.01,  259.53],\n",
       "       [ 427.5 ,  886.96,  314.03,  905.38,    0.  ,  790.5 ,  729.04,\n",
       "         653.02,  449.14,  165.64,  819.1 ,  837.52,  191.9 ,  819.94,\n",
       "         838.42,  424.21,  865.79,  668.1 ,  785.07,  754.07],\n",
       "       [ 400.4 ,  119.26,  587.74,  123.92,  790.5 ,    0.  ,  190.46,\n",
       "         197.54,  742.73,  923.41,  289.13,  197.78,  883.54,  256.21,\n",
       "         403.96,  809.38,  160.82,  181.76,  117.9 ,  159.15],\n",
       "       [ 303.01,  200.7 ,  470.35,  295.5 ,  729.04,  190.46,    0.  ,\n",
       "          80.95,  586.73,  837.68,  130.08,  108.49,  783.63,  109.73,\n",
       "         230.25,  659.46,  146.44,   71.26,   87.21,   37.14],\n",
       "       [ 230.91,  249.46,  408.13,  318.16,  653.02,  197.54,   80.95,\n",
       "           0.  ,  546.95,  767.28,  203.88,  186.74,  717.09,  188.53,\n",
       "         288.73,  615.58,  213.64,   17.21,  136.46,  101.07],\n",
       "       [ 374.62,  786.94,  220.54,  864.93,  449.14,  742.73,  586.73,\n",
       "         546.95,    0.  ,  429.79,  605.74,  676.02,  344.07,  625.09,\n",
       "         562.52,   79.15,  729.09,  563.69,  671.52,  623.28],\n",
       "       [ 536.38, 1011.07,  378.4 , 1042.55,  165.64,  923.41,  837.68,\n",
       "         767.28,  429.79,    0.  ,  911.58,  945.08,   86.76,  917.8 ,\n",
       "         911.76,  378.2 ,  980.56,  783.53,  903.04,  866.66],\n",
       "       [ 393.68,  243.8 ,  534.25,  364.59,  819.1 ,  289.13,  130.08,\n",
       "         203.88,  605.74,  911.58,    0.  ,  103.29,  849.15,   34.44,\n",
       "         116.14,  683.28,  164.36,  198.53,  171.38,  140.43],\n",
       "       [ 411.33,  140.56,  575.  ,  261.88,  837.52,  197.78,  108.49,\n",
       "         186.74,  676.02,  945.08,  103.29,    0.  ,  889.5 ,   69.19,\n",
       "         218.16,  751.26,   61.86,  173.76,   87.9 ,   88.14],\n",
       "       [ 487.59,  964.47,  315.45, 1005.05,  191.9 ,  883.54,  783.63,\n",
       "         717.09,  344.07,   86.76,  849.15,  889.5 ,    0.  ,  857.72,\n",
       "         841.91,  291.45,  928.58,  733.8 ,  853.54,  814.44],\n",
       "       [ 392.75,  209.75,  542.28,  330.16,  819.94,  256.21,  109.73,\n",
       "         188.53,  625.09,  917.8 ,   34.44,   69.19,  857.72,    0.  ,\n",
       "         150.44,  701.85,  130.71,  180.7 ,  138.94,  112.8 ],\n",
       "       [ 429.09,  357.67,  534.96,  480.03,  838.42,  403.96,  230.25,\n",
       "         288.73,  562.52,  911.76,  116.14,  218.16,  841.91,  150.44,\n",
       "           0.  ,  641.64,  277.61,  288.77,  286.06,  249.85],\n",
       "       [ 428.45,  858.83,  254.93,  932.46,  424.21,  809.38,  659.46,\n",
       "         615.58,   79.15,  378.2 ,  683.28,  751.26,  291.45,  701.85,\n",
       "         641.64,    0.  ,  803.15,  632.55,  743.13,  695.62],\n",
       "       [ 444.27,   80.1 ,  616.29,  204.29,  865.79,  160.82,  146.44,\n",
       "         213.64,  729.09,  980.56,  164.36,   61.86,  928.58,  130.71,\n",
       "         277.61,  803.15,    0.  ,  197.94,   82.8 ,  114.14],\n",
       "       [ 247.22,  232.33,  425.21,  301.66,  668.1 ,  181.76,   71.26,\n",
       "          17.21,  563.69,  783.53,  198.53,  173.76,  733.8 ,  180.7 ,\n",
       "         288.77,  632.55,  197.94,    0.  ,  119.76,   86.71],\n",
       "       [ 366.89,  115.75,  544.03,  210.01,  785.07,  117.9 ,   87.21,\n",
       "         136.46,  671.52,  903.04,  171.38,   87.9 ,  853.54,  138.94,\n",
       "         286.06,  743.13,   82.8 ,  119.76,    0.  ,   50.22],\n",
       "       [ 330.58,  163.8 ,  502.49,  259.53,  754.07,  159.15,   37.14,\n",
       "         101.07,  623.28,  866.66,  140.43,   88.14,  814.44,  112.8 ,\n",
       "         249.85,  695.62,  114.14,   86.71,   50.22,    0.  ]])"
      ]
     },
     "execution_count": 6,
     "metadata": {},
     "output_type": "execute_result"
    }
   ],
   "source": [
    "test_problem.shape  \n",
    "test_problem"
   ]
  },
  {
   "cell_type": "markdown",
   "id": "bafd1bc9",
   "metadata": {},
   "source": [
    "## Common tests"
   ]
  },
  {
   "cell_type": "code",
   "execution_count": 12,
   "id": "8e905659",
   "metadata": {},
   "outputs": [],
   "source": [
    "problem = np.load('lab2/test_problem.npy')"
   ]
  },
  {
   "cell_type": "code",
   "execution_count": 13,
   "id": "83d367fd",
   "metadata": {},
   "outputs": [
    {
     "data": {
      "text/plain": [
       "np.False_"
      ]
     },
     "execution_count": 13,
     "metadata": {},
     "output_type": "execute_result"
    }
   ],
   "source": [
    "# Negative values?\n",
    "np.any(problem < 0)"
   ]
  },
  {
   "cell_type": "code",
   "execution_count": 14,
   "id": "03175c34",
   "metadata": {},
   "outputs": [
    {
     "data": {
      "text/plain": [
       "True"
      ]
     },
     "execution_count": 14,
     "metadata": {},
     "output_type": "execute_result"
    }
   ],
   "source": [
    "# Diagonal is all zero?\n",
    "np.allclose(np.diag(problem), 0.0)"
   ]
  },
  {
   "cell_type": "code",
   "execution_count": 15,
   "id": "a81d846f",
   "metadata": {},
   "outputs": [
    {
     "data": {
      "text/plain": [
       "True"
      ]
     },
     "execution_count": 15,
     "metadata": {},
     "output_type": "execute_result"
    }
   ],
   "source": [
    "# Symmetric matrix?\n",
    "np.allclose(problem, problem.T)"
   ]
  },
  {
   "cell_type": "code",
   "execution_count": 16,
   "id": "159567d4",
   "metadata": {},
   "outputs": [
    {
     "data": {
      "text/plain": [
       "True"
      ]
     },
     "execution_count": 16,
     "metadata": {},
     "output_type": "execute_result"
    }
   ],
   "source": [
    "# Triangular inequality\n",
    "all(\n",
    "    problem[x, y] <= problem[x, z] + problem[z, y]\n",
    "    for x, y, z in list(combinations(range(problem.shape[0]), 3))\n",
    ")"
   ]
  },
  {
   "cell_type": "code",
   "execution_count": null,
   "id": "ef3c3a4a",
   "metadata": {},
   "outputs": [],
   "source": []
  }
 ],
 "metadata": {
  "kernelspec": {
   "display_name": ".venv",
   "language": "python",
   "name": "python3"
  },
  "language_info": {
   "codemirror_mode": {
    "name": "ipython",
    "version": 3
   },
   "file_extension": ".py",
   "mimetype": "text/x-python",
   "name": "python",
   "nbconvert_exporter": "python",
   "pygments_lexer": "ipython3",
   "version": "3.13.3"
  }
 },
 "nbformat": 4,
 "nbformat_minor": 5
}
